0.100000	0.027572	0.296618
0.200000	0.030326	0.293864
0.300000	0.034904	0.289286
0.400000	0.041321	0.282869
0.500000	0.049589	0.274601
0.600000	0.059712	0.264477
0.700000	0.071675	0.252515
0.800000	0.085429	0.238760
0.900000	0.100881	0.223309
1.000000	0.117874	0.206316
1.100000	0.136176	0.188015
1.200000	0.155463	0.168727
1.300000	0.175315	0.148876
1.400000	0.195209	0.128982
1.500000	0.214532	0.109659
1.600000	0.232603	0.091588
1.700000	0.248705	0.075486
1.800000	0.262134	0.062057
1.900000	0.272253	0.051938
2.000000	0.278548	0.045644
2.100000	0.280678	0.043514
2.200000	0.278512	0.045679
2.300000	0.272148	0.052043
2.400000	0.261902	0.062290
2.500000	0.248280	0.075911
2.600000	0.231932	0.092259
2.700000	0.213592	0.110599
2.800000	0.194017	0.130174
2.900000	0.173934	0.150257
3.000000	0.153996	0.170195
3.100000	0.134756	0.189434
3.200000	0.116657	0.207533
3.300000	0.100027	0.224163
3.400000	0.085094	0.239096
3.500000	0.071999	0.252191
3.600000	0.060815	0.263375
3.700000	0.051565	0.272624
3.800000	0.044239	0.279951
3.900000	0.038804	0.285385
4.000000	0.035221	0.288969
4.100000	0.033445	0.290745
4.200000	0.033434	0.290755
4.300000	0.035153	0.289037
4.400000	0.038568	0.285622
4.500000	0.043650	0.280540
4.600000	0.050369	0.273821
4.700000	0.058688	0.265502
4.800000	0.068560	0.255630
4.900000	0.079917	0.244273
5.000000	0.092662	0.231528
5.100000	0.106662	0.217528
5.200000	0.121739	0.202452
5.300000	0.137659	0.186531
5.400000	0.154132	0.170058
5.500000	0.170807	0.153383
5.600000	0.187274	0.136917
5.700000	0.203074	0.121117
5.800000	0.217714	0.106477
5.900000	0.230693	0.093498
6.000000	0.241524	0.082667
6.100000	0.249770	0.074422
6.200000	0.255075	0.069116
6.300000	0.257198	0.066994
6.400000	0.256029	0.068162
6.500000	0.251611	0.072580
6.600000	0.244131	0.080060
6.700000	0.233914	0.090277
6.800000	0.221397	0.102794
6.900000	0.207093	0.117098
7.000000	0.191559	0.132631
7.100000	0.175355	0.148836
7.200000	0.159012	0.165178
7.300000	0.143010	0.181181
7.400000	0.127754	0.196436
7.500000	0.113576	0.210614
7.600000	0.100726	0.223464
7.700000	0.089381	0.234809
7.800000	0.079656	0.244534
7.900000	0.071612	0.252578
8.000000	0.065268	0.258922
8.100000	0.060616	0.263574
8.200000	0.057623	0.266567
8.300000	0.056242	0.267947
8.400000	0.056419	0.267771
8.500000	0.058088	0.266101
8.600000	0.061181	0.263008
8.700000	0.065622	0.258568
8.800000	0.071327	0.252863
8.900000	0.078201	0.245989
9.000000	0.086137	0.238053
9.100000	0.095012	0.229178
9.200000	0.104683	0.219507
9.300000	0.114986	0.209204
9.400000	0.125734	0.198456
9.500000	0.136718	0.187472
9.600000	0.147708	0.176482
9.700000	0.158458	0.165733
9.800000	0.168709	0.155481
9.900000	0.178202	0.145988
10.000000	0.186686	0.137504
10.100000	0.193929	0.130262
10.200000	0.199731	0.124460
10.300000	0.203934	0.120257
10.400000	0.206434	0.117757
10.500000	0.207187	0.117004
10.600000	0.206209	0.117982
10.700000	0.203579	0.120612
10.800000	0.199434	0.124757
10.900000	0.193957	0.130233
11.000000	0.187371	0.136819
11.100000	0.179923	0.144268
11.200000	0.171871	0.152320
11.300000	0.163474	0.160716
11.400000	0.154981	0.169209
11.500000	0.146621	0.177570
11.600000	0.138597	0.185594
11.700000	0.131084	0.193107
11.800000	0.124226	0.199965
11.900000	0.118136	0.206054
12.000000	0.112899	0.211291
12.100000	0.108574	0.215616
12.200000	0.105194	0.218996
12.300000	0.102772	0.221418
12.400000	0.101302	0.222888
12.500000	0.100763	0.223427
12.600000	0.101119	0.223071
12.700000	0.102321	0.221869
12.800000	0.104308	0.219882
12.900000	0.107007	0.217183
13.000000	0.110336	0.213854
13.100000	0.114201	0.209989
13.200000	0.118497	0.205694
13.300000	0.123110	0.201080
13.400000	0.127920	0.196270
13.500000	0.132799	0.191392
13.600000	0.137616	0.186574
13.700000	0.142242	0.181948
13.800000	0.146552	0.177638
13.900000	0.150432	0.173759
14.000000	0.153778	0.170412
14.100000	0.156510	0.167680
14.200000	0.158566	0.165624
14.300000	0.159911	0.164279
14.400000	0.160534	0.163657
14.500000	0.160449	0.163742
14.600000	0.159696	0.164495
14.700000	0.158334	0.165857
14.800000	0.156441	0.167750
14.900000	0.154107	0.170084
15.000000	0.151432	0.172759
15.100000	0.148520	0.175670
15.200000	0.145477	0.178713
15.300000	0.142407	0.181784
15.400000	0.139405	0.184785
15.500000	0.136563	0.187627
15.600000	0.133962	0.190229
15.700000	0.131669	0.192521
15.800000	0.129745	0.194446
15.900000	0.128233	0.195957
16.000000	0.127168	0.197022
16.100000	0.126570	0.197620
16.200000	0.126446	0.197744
16.300000	0.126792	0.197398
16.400000	0.127591	0.196599
16.500000	0.128815	0.195375
16.600000	0.130424	0.193767
16.700000	0.132367	0.191823
16.800000	0.134585	0.189606
16.900000	0.137008	0.187183
17.000000	0.139560	0.184630
17.100000	0.142160	0.182030
17.200000	0.144722	0.179468
17.300000	0.147160	0.177030
17.400000	0.149390	0.174800
17.500000	0.151334	0.172857
17.600000	0.152922	0.171268
17.700000	0.154098	0.170092
17.800000	0.154820	0.169370
17.900000	0.155064	0.169126
18.000000	0.154825	0.169365
18.100000	0.154116	0.170074
18.200000	0.152969	0.171222
18.300000	0.151431	0.172760
18.400000	0.149561	0.174629
18.500000	0.147430	0.176760
18.600000	0.145111	0.179079
18.700000	0.142681	0.181510
18.800000	0.140212	0.183978
18.900000	0.137776	0.186414
19.000000	0.135436	0.188754
19.100000	0.133247	0.190943
19.200000	0.131258	0.192932
19.300000	0.129507	0.194683
19.400000	0.128027	0.196163
19.500000	0.126840	0.197350
19.600000	0.125965	0.198226
19.700000	0.125409	0.198781
19.800000	0.125178	0.199012
19.900000	0.125269	0.198921
20.000000	0.125674	0.198516
20.100000	0.126380	0.197811
20.200000	0.127366	0.196824
20.300000	0.128608	0.195582
20.400000	0.130075	0.194115
20.500000	0.131732	0.192458
20.600000	0.133539	0.190652
20.700000	0.135450	0.188740
20.800000	0.137419	0.186771
20.900000	0.139396	0.184794
21.000000	0.141332	0.182859
21.100000	0.143176	0.181014
21.200000	0.144883	0.179307
21.300000	0.146412	0.177779
21.400000	0.147725	0.176466
21.500000	0.148794	0.175397
21.600000	0.149599	0.174592
21.700000	0.150128	0.174062
21.800000	0.150380	0.173810
21.900000	0.150363	0.173827
22.000000	0.150093	0.174097
22.100000	0.149594	0.174596
22.200000	0.148896	0.175295
22.300000	0.148033	0.176157
22.400000	0.147043	0.177147
22.500000	0.145964	0.178226
22.600000	0.144834	0.179357
22.700000	0.143685	0.180505
22.800000	0.142551	0.181639
22.900000	0.141458	0.182733
23.000000	0.140428	0.183763
23.100000	0.139480	0.184710
23.200000	0.138629	0.185561
23.300000	0.137885	0.186305
23.400000	0.137257	0.186933
23.500000	0.136751	0.187439
23.600000	0.136370	0.187820
23.700000	0.136116	0.188074
23.800000	0.135989	0.188202
23.900000	0.135985	0.188205
24.000000	0.136101	0.188090
24.100000	0.136327	0.187864
24.200000	0.136651	0.187539
24.300000	0.137060	0.187130
24.400000	0.137535	0.186656
24.500000	0.138054	0.186136
24.600000	0.138594	0.185596
24.700000	0.139131	0.185059
24.800000	0.139639	0.184551
24.900000	0.140094	0.184097
25.000000	0.140472	0.183718
25.100000	0.140755	0.183436
25.200000	0.140926	0.183265
25.300000	0.140973	0.183217
25.400000	0.140892	0.183298
25.500000	0.140682	0.183508
25.600000	0.140348	0.183842
25.700000	0.139900	0.184290
25.800000	0.139355	0.184835
25.900000	0.138732	0.185459
26.000000	0.138054	0.186136
26.100000	0.137349	0.186842
26.200000	0.136643	0.187548
26.300000	0.135965	0.188225
26.400000	0.135343	0.188847
26.500000	0.134804	0.189386
26.600000	0.134371	0.189819
26.700000	0.134065	0.190126
26.800000	0.133902	0.190288
26.900000	0.133896	0.190294
27.000000	0.134054	0.190136
27.100000	0.134381	0.189809
27.200000	0.134875	0.189316
27.300000	0.135529	0.188661
27.400000	0.136334	0.187856
27.500000	0.137275	0.186916
27.600000	0.138332	0.185859
27.700000	0.139482	0.184709
27.800000	0.140698	0.183492
27.900000	0.141951	0.182239
28.000000	0.143209	0.180982
28.100000	0.144436	0.179754
28.200000	0.145599	0.178592
28.300000	0.146662	0.177528
28.400000	0.147594	0.176596
28.500000	0.148365	0.175825
28.600000	0.148950	0.175240
28.700000	0.149329	0.174862
28.800000	0.149489	0.174702
28.900000	0.149424	0.174767
29.000000	0.149135	0.175055
29.100000	0.148632	0.175559
29.200000	0.147929	0.176262
29.300000	0.147047	0.177143
29.400000	0.146013	0.178177
29.500000	0.144856	0.179335
29.600000	0.143607	0.180583
29.700000	0.142300	0.181890
29.800000	0.140967	0.183223
29.900000	0.139640	0.184551
30.000000	0.138347	0.185844
30.100000	0.137114	0.187076
30.200000	0.135967	0.188224
30.300000	0.134924	0.189267
30.400000	0.134002	0.190188
30.500000	0.133215	0.190975
30.600000	0.132573	0.191618
30.700000	0.132082	0.192108
30.800000	0.131746	0.192444
30.900000	0.131567	0.192623
31.000000	0.131540	0.192650
31.100000	0.131662	0.192528
31.200000	0.131924	0.192267
31.300000	0.132314	0.191876
31.400000	0.132820	0.191371
31.500000	0.133426	0.190765
31.600000	0.134114	0.190076
31.700000	0.134867	0.189323
31.800000	0.135665	0.188525
31.900000	0.136489	0.187701
32.000000	0.137321	0.186869
32.100000	0.138143	0.186047
32.200000	0.138940	0.185251
32.300000	0.139698	0.184493
32.400000	0.140406	0.183784
32.500000	0.141057	0.183134
32.600000	0.141644	0.182547
32.700000	0.142164	0.182027
32.800000	0.142616	0.181575
32.900000	0.143001	0.181189
33.000000	0.143322	0.180868
33.100000	0.143582	0.180608
33.200000	0.143785	0.180405
33.300000	0.143934	0.180256
33.400000	0.144034	0.180156
33.500000	0.144088	0.180102
33.600000	0.144098	0.180092
33.700000	0.144066	0.180124
33.800000	0.143995	0.180196
33.900000	0.143885	0.180305
34.000000	0.143738	0.180452
34.100000	0.143557	0.180634
34.200000	0.143342	0.180848
34.300000	0.143098	0.181092
34.400000	0.142827	0.181363
34.500000	0.142535	0.181655
34.600000	0.142225	0.181965
34.700000	0.141903	0.182288
34.800000	0.141573	0.182617
34.900000	0.141242	0.182948
35.000000	0.140913	0.183277
35.100000	0.140592	0.183599
35.200000	0.140280	0.183910
35.300000	0.139981	0.184210
35.400000	0.139695	0.184495
35.500000	0.139424	0.184766
35.600000	0.139167	0.185023
35.700000	0.138923	0.185267
35.800000	0.138691	0.185499
35.900000	0.138470	0.185720
36.000000	0.138258	0.185932
36.100000	0.138056	0.186135
36.200000	0.137861	0.186329
36.300000	0.137675	0.186516
36.400000	0.137498	0.186693
36.500000	0.137330	0.186860
36.600000	0.137174	0.187016
36.700000	0.137030	0.187160
36.800000	0.136901	0.187289
36.900000	0.136787	0.187403
37.000000	0.136691	0.187499
37.100000	0.136615	0.187576
37.200000	0.136559	0.187631
37.300000	0.136527	0.187664
37.400000	0.136519	0.187671
37.500000	0.136539	0.187652
37.600000	0.136588	0.187603
37.700000	0.136669	0.187521
37.800000	0.136786	0.187405
37.900000	0.136940	0.187250
38.000000	0.137136	0.187055
38.100000	0.137374	0.186817
38.200000	0.137656	0.186535
38.300000	0.137981	0.186209
38.400000	0.138349	0.185841
38.500000	0.138756	0.185435
38.600000	0.139196	0.184995
38.700000	0.139663	0.184527
38.800000	0.140149	0.184041
38.900000	0.140645	0.183545
39.000000	0.141141	0.183050
39.100000	0.141626	0.182564
39.200000	0.142090	0.182100
39.300000	0.142524	0.181667
39.400000	0.142917	0.181273
39.500000	0.143262	0.180928
39.600000	0.143553	0.180638
39.700000	0.143783	0.180408
39.800000	0.143948	0.180242
39.900000	0.144047	0.180143
40.000000	0.144080	0.180111
40.100000	0.144046	0.180145
40.200000	0.143949	0.180242
40.300000	0.143793	0.180397
40.400000	0.143583	0.180607
40.500000	0.143327	0.180863
40.600000	0.143031	0.181160
40.700000	0.142703	0.181488
40.800000	0.142350	0.181840
40.900000	0.141981	0.182209
41.000000	0.141601	0.182589
41.100000	0.141217	0.182973
41.200000	0.140833	0.183358
41.300000	0.140452	0.183738
41.400000	0.140078	0.184112
41.500000	0.139713	0.184477
41.600000	0.139358	0.184833
41.700000	0.139013	0.185177
41.800000	0.138680	0.185510
41.900000	0.138359	0.185832
42.000000	0.138050	0.186141
42.100000	0.137754	0.186437
42.200000	0.137471	0.186720
42.300000	0.137202	0.186989
42.400000	0.136947	0.187244
42.500000	0.136707	0.187484
42.600000	0.136482	0.187708
42.700000	0.136274	0.187916
42.800000	0.136085	0.188106
42.900000	0.135916	0.188275
43.000000	0.135770	0.188420
43.100000	0.135653	0.188538
43.200000	0.135567	0.188623
43.300000	0.135519	0.188671
43.400000	0.135514	0.188676
43.500000	0.135558	0.188632
43.600000	0.135657	0.188533
43.700000	0.135816	0.188374
43.800000	0.136039	0.188152
43.900000	0.136328	0.187863
44.000000	0.136685	0.187506
44.100000	0.137109	0.187081
44.200000	0.137597	0.186593
44.300000	0.138145	0.186045
44.400000	0.138746	0.185444
44.500000	0.139391	0.184800
44.600000	0.140069	0.184122
44.700000	0.140768	0.183422
44.800000	0.141476	0.182714
44.900000	0.142179	0.182011
45.000000	0.142862	0.181328
45.100000	0.143511	0.180679
45.200000	0.144114	0.180077
45.300000	0.144656	0.179535
45.400000	0.145126	0.179064
45.500000	0.145514	0.178676
45.600000	0.145810	0.178380
45.700000	0.146007	0.178183
45.800000	0.146099	0.178091
45.900000	0.146082	0.178108
46.000000	0.145954	0.178236
46.100000	0.145716	0.178474
46.200000	0.145370	0.178820
46.300000	0.144922	0.179268
46.400000	0.144379	0.179812
46.500000	0.143750	0.180440
46.600000	0.143048	0.181143
46.700000	0.142286	0.181904
46.800000	0.141479	0.182711
46.900000	0.140644	0.183547
47.000000	0.139797	0.184394
47.100000	0.138955	0.185235
47.200000	0.138135	0.186055
47.300000	0.137354	0.186836
47.400000	0.136626	0.187564
47.500000	0.135965	0.188225
47.600000	0.135384	0.188807
47.700000	0.134890	0.189300
47.800000	0.134494	0.189697
47.900000	0.134199	0.189991
48.000000	0.134011	0.190180
48.100000	0.133929	0.190261
48.200000	0.133953	0.190237
48.300000	0.134080	0.190111
48.400000	0.134304	0.189886
48.500000	0.134619	0.189572
48.600000	0.135015	0.189175
48.700000	0.135482	0.188708
48.800000	0.136010	0.188180
48.900000	0.136585	0.187605
49.000000	0.137194	0.186996
49.100000	0.137824	0.186366
49.200000	0.138461	0.185729
49.300000	0.139092	0.185099
49.400000	0.139703	0.184488
49.500000	0.140281	0.183909
49.600000	0.140817	0.183373
49.700000	0.141300	0.182890
49.800000	0.141722	0.182469
49.900000	0.142076	0.182114
50.000000	0.142360	0.181831
50.100000	0.142569	0.181621
50.200000	0.142706	0.181485
50.300000	0.142771	0.181420
50.400000	0.142769	0.181422
50.500000	0.142706	0.181485
50.600000	0.142590	0.181601
50.700000	0.142430	0.181761
50.800000	0.142236	0.181955
50.900000	0.142018	0.182172
51.000000	0.141787	0.182403
51.100000	0.141553	0.182638
51.200000	0.141324	0.182867
51.300000	0.141108	0.183082
51.400000	0.140912	0.183278
51.500000	0.140740	0.183450
51.600000	0.140596	0.183594
51.700000	0.140482	0.183708
51.800000	0.140398	0.183792
51.900000	0.140343	0.183847
52.000000	0.140315	0.183875
52.100000	0.140312	0.183878
52.200000	0.140329	0.183861
52.300000	0.140361	0.183829
52.400000	0.140402	0.183788
52.500000	0.140446	0.183744
52.600000	0.140487	0.183704
52.700000	0.140517	0.183673
52.800000	0.140531	0.183659
52.900000	0.140524	0.183666
53.000000	0.140492	0.183699
53.100000	0.140430	0.183760
53.200000	0.140337	0.183853
53.300000	0.140212	0.183978
53.400000	0.140054	0.184136
53.500000	0.139863	0.184327
53.600000	0.139642	0.184548
53.700000	0.139391	0.184799
53.800000	0.139115	0.185075
53.900000	0.138816	0.185374
54.000000	0.138500	0.185690
54.100000	0.138173	0.186018
54.200000	0.137841	0.186349
54.300000	0.137513	0.186678
54.400000	0.137197	0.186994
54.500000	0.136902	0.187288
54.600000	0.136639	0.187551
54.700000	0.136417	0.187774
54.800000	0.136244	0.187946
54.900000	0.136129	0.188061
55.000000	0.136079	0.188112
55.100000	0.136098	0.188093
55.200000	0.136189	0.188002
55.300000	0.136353	0.187837
55.400000	0.136591	0.187600
55.500000	0.136898	0.187293
55.600000	0.137270	0.186920
55.700000	0.137702	0.186488
55.800000	0.138186	0.186004
55.900000	0.138715	0.185476
56.000000	0.139278	0.184913
56.100000	0.139866	0.184324
56.200000	0.140468	0.183722
56.300000	0.141074	0.183116
56.400000	0.141672	0.182518
56.500000	0.142249	0.181941
56.600000	0.142794	0.181396
56.700000	0.143294	0.180896
56.800000	0.143737	0.180454
56.900000	0.144110	0.180081
57.000000	0.144403	0.179788
57.100000	0.144606	0.179585
57.200000	0.144711	0.179479
57.300000	0.144713	0.179478
57.400000	0.144608	0.179582
57.500000	0.144397	0.179793
57.600000	0.144084	0.180107
57.700000	0.143674	0.180516
57.800000	0.143179	0.181011
57.900000	0.142612	0.181579
58.000000	0.141987	0.182203
58.100000	0.141324	0.182867
58.200000	0.140639	0.183551
58.300000	0.139953	0.184237
58.400000	0.139284	0.184906
58.500000	0.138648	0.185542
58.600000	0.138062	0.186129
58.700000	0.137536	0.186654
58.800000	0.137083	0.187108
58.900000	0.136708	0.187482
59.000000	0.136417	0.187774
59.100000	0.136211	0.187980
59.200000	0.136089	0.188101
59.300000	0.136049	0.188141
59.400000	0.136087	0.188103
59.500000	0.136196	0.187994
59.600000	0.136370	0.187820
59.700000	0.136601	0.187590
59.800000	0.136880	0.187310
59.900000	0.137201	0.186990
60.000000	0.137553	0.186637
60.100000	0.137930	0.186260
60.200000	0.138323	0.185867
60.300000	0.138723	0.185467
60.400000	0.139122	0.185068
60.500000	0.139511	0.184679
60.600000	0.139880	0.184310
60.700000	0.140221	0.183969
60.800000	0.140525	0.183666
60.900000	0.140782	0.183408
61.000000	0.140987	0.183203
61.100000	0.141134	0.183057
61.200000	0.141217	0.182973
61.300000	0.141237	0.182953
61.400000	0.141195	0.182996
61.500000	0.141094	0.183096
61.600000	0.140943	0.183248
61.700000	0.140750	0.183440
61.800000	0.140528	0.183663
61.900000	0.140289	0.183901
62.000000	0.140047	0.184143
62.100000	0.139816	0.184375
62.200000	0.139607	0.184583
62.300000	0.139431	0.184760
62.400000	0.139295	0.184895
62.500000	0.139206	0.184984
62.600000	0.139166	0.185024
62.700000	0.139175	0.185015
62.800000	0.139231	0.184959
62.900000	0.139330	0.184860
63.000000	0.139468	0.184723
63.100000	0.139637	0.184553
63.200000	0.139831	0.184359
63.300000	0.140044	0.184146
63.400000	0.140268	0.183922
63.500000	0.140496	0.183694
63.600000	0.140722	0.183469
63.700000	0.140938	0.183253
63.800000	0.141138	0.183052
63.900000	0.141317	0.182874
64.000000	0.141468	0.182723
64.100000	0.141585	0.182605
64.200000	0.141665	0.182526
64.300000	0.141701	0.182489
64.400000	0.141692	0.182498
64.500000	0.141634	0.182556
64.600000	0.141526	0.182665
64.700000	0.141366	0.182825
64.800000	0.141155	0.183035
64.900000	0.140897	0.183293
65.000000	0.140596	0.183595
65.100000	0.140256	0.183934
65.200000	0.139886	0.184304
65.300000	0.139495	0.184695
65.400000	0.139093	0.185097
65.500000	0.138690	0.185500
65.600000	0.138298	0.185893
65.700000	0.137927	0.186264
65.800000	0.137587	0.186603
65.900000	0.137290	0.186901
66.000000	0.137041	0.187149
66.100000	0.136850	0.187340
66.200000	0.136722	0.187468
66.300000	0.136660	0.187530
66.400000	0.136666	0.187524
66.500000	0.136741	0.187449
66.600000	0.136882	0.187308
66.700000	0.137087	0.187104
66.800000	0.137348	0.186842
66.900000	0.137661	0.186529
67.000000	0.138017	0.186173
67.100000	0.138409	0.185781
67.200000	0.138827	0.185363
67.300000	0.139264	0.184927
67.400000	0.139708	0.184482
67.500000	0.140153	0.184038
67.600000	0.140587	0.183603
67.700000	0.141002	0.183188
67.800000	0.141389	0.182801
67.900000	0.141738	0.182452
68.000000	0.142042	0.182149
68.100000	0.142292	0.181899
68.200000	0.142481	0.181709
68.300000	0.142606	0.181585
68.400000	0.142661	0.181529
68.500000	0.142646	0.181544
68.600000	0.142562	0.181628
68.700000	0.142410	0.181780
68.800000	0.142195	0.181995
68.900000	0.141924	0.182266
69.000000	0.141604	0.182586
69.100000	0.141245	0.182946
69.200000	0.140856	0.183334
69.300000	0.140449	0.183741
69.400000	0.140035	0.184156
69.500000	0.139625	0.184566
69.600000	0.139230	0.184960
69.700000	0.138862	0.185328
69.800000	0.138531	0.185660
69.900000	0.138245	0.185946
70.000000	0.138012	0.186178
70.100000	0.137839	0.186351
70.200000	0.137731	0.186460
70.300000	0.137689	0.186502
70.400000	0.137713	0.186477
70.500000	0.137802	0.186388
70.600000	0.137952	0.186238
70.700000	0.138155	0.186036
70.800000	0.138402	0.185788
70.900000	0.138683	0.185507
71.000000	0.138987	0.185204
71.100000	0.139300	0.184891
71.200000	0.139610	0.184580
71.300000	0.139906	0.184285
71.400000	0.140177	0.184014
71.500000	0.140414	0.183777
71.600000	0.140610	0.183580
71.700000	0.140761	0.183429
71.800000	0.140865	0.183325
71.900000	0.140921	0.183270
72.000000	0.140930	0.183260
72.100000	0.140896	0.183294
72.200000	0.140824	0.183367
72.300000	0.140717	0.183473
72.400000	0.140582	0.183608
72.500000	0.140425	0.183765
72.600000	0.140251	0.183939
72.700000	0.140065	0.184125
72.800000	0.139872	0.184318
72.900000	0.139676	0.184514
73.000000	0.139482	0.184708
73.100000	0.139293	0.184898
73.200000	0.139112	0.185078
73.300000	0.138944	0.185246
73.400000	0.138793	0.185397
73.500000	0.138663	0.185527
73.600000	0.138559	0.185631
73.700000	0.138485	0.185706
73.800000	0.138444	0.185746
73.900000	0.138441	0.185749
74.000000	0.138477	0.185713
74.100000	0.138554	0.185636
74.200000	0.138671	0.185520
74.300000	0.138825	0.185366
74.400000	0.139012	0.185178
74.500000	0.139228	0.184963
74.600000	0.139464	0.184726
74.700000	0.139714	0.184476
74.800000	0.139968	0.184222
74.900000	0.140218	0.183972
75.000000	0.140456	0.183734
75.100000	0.140673	0.183517
75.200000	0.140863	0.183327
75.300000	0.141021	0.183169
75.400000	0.141142	0.183048
75.500000	0.141225	0.182965
75.600000	0.141268	0.182923
75.700000	0.141271	0.182920
75.800000	0.141235	0.182956
75.900000	0.141161	0.183029
76.000000	0.141054	0.183137
76.100000	0.140914	0.183276
76.200000	0.140747	0.183444
76.300000	0.140556	0.183635
76.400000	0.140347	0.183844
76.500000	0.140125	0.184066
76.600000	0.139897	0.184294
76.700000	0.139669	0.184522
76.800000	0.139447	0.184743
76.900000	0.139239	0.184951
77.000000	0.139049	0.185141
77.100000	0.138883	0.185307
77.200000	0.138744	0.185446
77.300000	0.138636	0.185554
77.400000	0.138559	0.185631
77.500000	0.138516	0.185675
77.600000	0.138504	0.185687
77.700000	0.138523	0.185668
77.800000	0.138571	0.185620
77.900000	0.138645	0.185546
78.000000	0.138742	0.185449
78.100000	0.138859	0.185331
78.200000	0.138994	0.185197
78.300000	0.139142	0.185048
78.400000	0.139302	0.184889
78.500000	0.139469	0.184722
78.600000	0.139640	0.184550
78.700000	0.139813	0.184378
78.800000	0.139982	0.184208
78.900000	0.140144	0.184046
79.000000	0.140295	0.183895
79.100000	0.140429	0.183761
79.200000	0.140543	0.183647
79.300000	0.140632	0.183558
79.400000	0.140692	0.183498
79.500000	0.140722	0.183469
79.600000	0.140718	0.183472
79.700000	0.140683	0.183508
79.800000	0.140615	0.183575
79.900000	0.140519	0.183671
80.000000	0.140397	0.183793
80.100000	0.140255	0.183935
80.200000	0.140097	0.184094
80.300000	0.139928	0.184262
80.400000	0.139755	0.184435
80.500000	0.139584	0.184607
80.600000	0.139419	0.184771
80.700000	0.139267	0.184924
80.800000	0.139131	0.185059
80.900000	0.139017	0.185174
81.000000	0.138926	0.185264
81.100000	0.138862	0.185328
81.200000	0.138825	0.185365
81.300000	0.138816	0.185375
81.400000	0.138833	0.185357
81.500000	0.138876	0.185314
81.600000	0.138942	0.185248
81.700000	0.139030	0.185161
81.800000	0.139135	0.185055
81.900000	0.139256	0.184935
82.000000	0.139388	0.184802
82.100000	0.139530	0.184660
82.200000	0.139678	0.184513
82.300000	0.139827	0.184364
82.400000	0.139974	0.184216
82.500000	0.140115	0.184075
82.600000	0.140246	0.183945
82.700000	0.140362	0.183828
82.800000	0.140461	0.183729
82.900000	0.140539	0.183652
83.000000	0.140593	0.183597
83.100000	0.140623	0.183567
83.200000	0.140627	0.183563
83.300000	0.140607	0.183584
83.400000	0.140563	0.183628
83.500000	0.140498	0.183693
83.600000	0.140414	0.183776
83.700000	0.140316	0.183874
83.800000	0.140208	0.183982
83.900000	0.140093	0.184097
84.000000	0.139977	0.184214
84.100000	0.139861	0.184329
84.200000	0.139751	0.184440
84.300000	0.139648	0.184543
84.400000	0.139555	0.184635
84.500000	0.139475	0.184716
84.600000	0.139408	0.184782
84.700000	0.139356	0.184834
84.800000	0.139320	0.184870
84.900000	0.139302	0.184889
85.000000	0.139300	0.184891
85.100000	0.139314	0.184876
85.200000	0.139345	0.184846
85.300000	0.139388	0.184802
85.400000	0.139442	0.184748
85.500000	0.139503	0.184687
85.600000	0.139567	0.184623
85.700000	0.139630	0.184560
85.800000	0.139688	0.184502
85.900000	0.139737	0.184454
86.000000	0.139773	0.184417
86.100000	0.139795	0.184396
86.200000	0.139800	0.184390
86.300000	0.139789	0.184401
86.400000	0.139761	0.184429
86.500000	0.139716	0.184474
86.600000	0.139656	0.184534
86.700000	0.139583	0.184607
86.800000	0.139499	0.184691
86.900000	0.139407	0.184783
87.000000	0.139312	0.184879
87.100000	0.139217	0.184973
87.200000	0.139128	0.185062
87.300000	0.139051	0.185140
87.400000	0.138991	0.185200
87.500000	0.138953	0.185237
87.600000	0.138942	0.185248
87.700000	0.138961	0.185229
87.800000	0.139012	0.185178
87.900000	0.139094	0.185096
88.000000	0.139206	0.184984
88.100000	0.139345	0.184845
88.200000	0.139505	0.184686
88.300000	0.139680	0.184510
88.400000	0.139864	0.184326
88.500000	0.140051	0.184140
88.600000	0.140233	0.183957
88.700000	0.140406	0.183784
88.800000	0.140565	0.183626
88.900000	0.140705	0.183485
89.000000	0.140824	0.183367
89.100000	0.140919	0.183271
89.200000	0.140991	0.183200
89.300000	0.141037	0.183154
89.400000	0.141058	0.183133
89.500000	0.141054	0.183137
89.600000	0.141026	0.183164
89.700000	0.140975	0.183215
89.800000	0.140903	0.183288
89.900000	0.140810	0.183380
90.000000	0.140699	0.183491
90.100000	0.140570	0.183620
90.200000	0.140426	0.183764
90.300000	0.140267	0.183923
90.400000	0.140095	0.184095
90.500000	0.139912	0.184279
90.600000	0.139718	0.184472
90.700000	0.139517	0.184673
90.800000	0.139311	0.184879
90.900000	0.139104	0.185086
91.000000	0.138901	0.185290
91.100000	0.138706	0.185485
91.200000	0.138525	0.185666
91.300000	0.138364	0.185826
91.400000	0.138230	0.185960
91.500000	0.138129	0.186062
91.600000	0.138063	0.186127
91.700000	0.138038	0.186152
91.800000	0.138055	0.186135
91.900000	0.138114	0.186076
92.000000	0.138215	0.185976
92.100000	0.138353	0.185837
92.200000	0.138526	0.185664
92.300000	0.138729	0.185462
92.400000	0.138955	0.185235
92.500000	0.139199	0.184991
92.600000	0.139455	0.184736
92.700000	0.139715	0.184476
92.800000	0.139972	0.184219
92.900000	0.140219	0.183972
93.000000	0.140449	0.183742
93.100000	0.140654	0.183536
93.200000	0.140830	0.183361
93.300000	0.140969	0.183221
93.400000	0.141069	0.183121
93.500000	0.141128	0.183063
93.600000	0.141144	0.183047
93.700000	0.141119	0.183071
93.800000	0.141058	0.183133
93.900000	0.140963	0.183227
94.000000	0.140841	0.183349
94.100000	0.140698	0.183492
94.200000	0.140539	0.183651
94.300000	0.140371	0.183819
94.400000	0.140198	0.183992
94.500000	0.140026	0.184164
94.600000	0.139859	0.184331
94.700000	0.139700	0.184490
94.800000	0.139553	0.184637
94.900000	0.139421	0.184769
95.000000	0.139307	0.184884
95.100000	0.139212	0.184978
95.200000	0.139140	0.185051
95.300000	0.139090	0.185101
95.400000	0.139063	0.185127
95.500000	0.139060	0.185131
95.600000	0.139077	0.185113
95.700000	0.139114	0.185076
95.800000	0.139168	0.185022
95.900000	0.139236	0.184955
96.000000	0.139314	0.184876
96.100000	0.139401	0.184790
96.200000	0.139493	0.184697
96.300000	0.139589	0.184601
96.400000	0.139686	0.184504
96.500000	0.139783	0.184407
96.600000	0.139878	0.184313
96.700000	0.139967	0.184223
96.800000	0.140048	0.184143
96.900000	0.140117	0.184073
97.000000	0.140172	0.184018
97.100000	0.140209	0.183982
97.200000	0.140225	0.183965
97.300000	0.140219	0.183971
97.400000	0.140189	0.184001
97.500000	0.140137	0.184053
97.600000	0.140063	0.184127
97.700000	0.139971	0.184219
97.800000	0.139864	0.184326
97.900000	0.139747	0.184443
98.000000	0.139626	0.184564
98.100000	0.139506	0.184684
98.200000	0.139392	0.184798
98.300000	0.139290	0.184900
98.400000	0.139203	0.184987
98.500000	0.139134	0.185056
98.600000	0.139086	0.185104
98.700000	0.139059	0.185131
98.800000	0.139055	0.185136
98.900000	0.139071	0.185119
99.000000	0.139107	0.185083
99.100000	0.139163	0.185028
99.200000	0.139235	0.184956
99.300000	0.139321	0.184869
99.400000	0.139420	0.184770
99.500000	0.139529	0.184661
99.600000	0.139646	0.184544
99.700000	0.139767	0.184423
99.800000	0.139891	0.184299
99.900000	0.140015	0.184176
100.000000	0.140134	0.184056
100.100000	0.140248	0.183942
