0.100000 0.000933 0.637780 0.637781
0.200000 0.000916 0.642084 0.642084
0.300000 0.000898 0.649174 0.649175
0.400000 0.000879 0.658985 0.658985
0.500000 0.000860 0.671415 0.671415
0.600000 0.000843 0.686327 0.686327
0.700000 0.000828 0.703541 0.703542
0.800000 0.000815 0.722827 0.722827
0.900000 0.000805 0.743896 0.743896
1.000000 0.000799 0.766399 0.766399
1.100000 0.000797 0.789918 0.789918
1.200000 0.000799 0.813969 0.813969
1.300000 0.000805 0.838002 0.838003
1.400000 0.000814 0.861415 0.861415
1.500000 0.000826 0.883562 0.883562
1.600000 0.000838 0.903782 0.903783
1.700000 0.000849 0.921426 0.921427
1.800000 0.000858 0.935887 0.935888
1.900000 0.000864 0.946637 0.946638
2.000000 0.000864 0.953264 0.953264
2.100000 0.000857 0.955495 0.955496
2.200000 0.000844 0.953226 0.953227
2.300000 0.000823 0.946527 0.946527
2.400000 0.000795 0.935639 0.935639
2.500000 0.000761 0.920965 0.920966
2.600000 0.000721 0.903040 0.903041
2.700000 0.000677 0.882498 0.882498
2.800000 0.000631 0.860030 0.860031
2.900000 0.000584 0.836353 0.836353
3.000000 0.000538 0.812164 0.812164
3.100000 0.000494 0.788119 0.788119
3.200000 0.000453 0.764810 0.764810
3.300000 0.000417 0.742748 0.742748
3.400000 0.000387 0.722363 0.722363
3.500000 0.000363 0.704002 0.704002
3.600000 0.000346 0.687932 0.687932
3.700000 0.000336 0.674352 0.674352
3.800000 0.000333 0.663399 0.663399
3.900000 0.000337 0.655156 0.655156
4.000000 0.000348 0.649663 0.649663
4.100000 0.000365 0.646923 0.646923
4.200000 0.000387 0.646907 0.646907
4.300000 0.000413 0.649558 0.649558
4.400000 0.000443 0.654795 0.654795
4.500000 0.000476 0.662510 0.662511
4.600000 0.000510 0.672575 0.672576
4.700000 0.000544 0.684833 0.684834
4.800000 0.000578 0.699100 0.699100
4.900000 0.000610 0.715160 0.715160
5.000000 0.000640 0.732764 0.732764
5.100000 0.000666 0.751627 0.751628
5.200000 0.000688 0.771425 0.771425
5.300000 0.000705 0.791793 0.791794
5.400000 0.000719 0.812332 0.812332
5.500000 0.000727 0.832606 0.832606
5.600000 0.000732 0.852153 0.852154
5.700000 0.000735 0.870497 0.870497
5.800000 0.000735 0.887156 0.887157
5.900000 0.000735 0.901667 0.901668
6.000000 0.000737 0.913600 0.913600
6.100000 0.000741 0.922581 0.922582
6.200000 0.000750 0.928314 0.928314
6.300000 0.000764 0.930598 0.930598
6.400000 0.000784 0.929341 0.929342
6.500000 0.000809 0.924575 0.924575
6.600000 0.000839 0.916449 0.916449
6.700000 0.000870 0.905232 0.905233
6.800000 0.000901 0.891297 0.891298
6.900000 0.000928 0.875102 0.875103
7.000000 0.000950 0.857168 0.857168
7.100000 0.000962 0.838050 0.838051
7.200000 0.000965 0.818317 0.818318
7.300000 0.000957 0.798522 0.798523
7.400000 0.000938 0.779184 0.779184
7.500000 0.000910 0.760770 0.760771
7.600000 0.000873 0.743688 0.743688
7.700000 0.000830 0.728273 0.728274
7.800000 0.000783 0.714795 0.714795
7.900000 0.000734 0.703451 0.703451
8.000000 0.000684 0.694375 0.694375
8.100000 0.000636 0.687642 0.687642
8.200000 0.000590 0.683275 0.683276
8.300000 0.000547 0.681253 0.681253
8.400000 0.000510 0.681511 0.681512
8.500000 0.000478 0.683957 0.683957
8.600000 0.000451 0.688464 0.688464
8.700000 0.000432 0.694885 0.694885
8.800000 0.000419 0.703046 0.703046
8.900000 0.000413 0.712756 0.712756
9.000000 0.000415 0.723805 0.723805
9.100000 0.000425 0.735964 0.735965
9.200000 0.000443 0.748990 0.748990
9.300000 0.000469 0.762621 0.762621
9.400000 0.000503 0.776587 0.776587
9.500000 0.000546 0.790604 0.790605
9.600000 0.000596 0.804385 0.804386
9.700000 0.000653 0.817640 0.817640
9.800000 0.000717 0.830082 0.830083
9.900000 0.000787 0.841441 0.841441
10.000000 0.000860 0.851464 0.851464
10.100000 0.000934 0.859928 0.859928
10.200000 0.001006 0.866648 0.866649
10.300000 0.001075 0.871484 0.871485
10.400000 0.001134 0.874349 0.874349
10.500000 0.001182 0.875209 0.875209
10.600000 0.001214 0.874090 0.874091
10.700000 0.001226 0.871077 0.871078
10.800000 0.001217 0.866305 0.866306
10.900000 0.001186 0.859960 0.859961
11.000000 0.001133 0.852268 0.852268
11.100000 0.001061 0.843483 0.843483
11.200000 0.000975 0.833882 0.833883
11.300000 0.000881 0.823751 0.823752
11.400000 0.000786 0.813376 0.813376
11.500000 0.000697 0.803032 0.803032
11.600000 0.000621 0.792977 0.792977
11.700000 0.000563 0.783445 0.783445
11.800000 0.000527 0.774642 0.774642
11.900000 0.000515 0.766741 0.766741
12.000000 0.000527 0.759881 0.759881
12.100000 0.000563 0.754167 0.754167
12.200000 0.000619 0.749671 0.749672
12.300000 0.000691 0.746433 0.746434
12.400000 0.000776 0.744462 0.744462
12.500000 0.000869 0.743738 0.743738
12.600000 0.000966 0.744216 0.744217
12.700000 0.001065 0.745829 0.745830
12.800000 0.001161 0.748488 0.748489
12.900000 0.001253 0.752086 0.752087
13.000000 0.001337 0.756499 0.756500
13.100000 0.001413 0.761590 0.761591
13.200000 0.001478 0.767210 0.767211
13.300000 0.001532 0.773199 0.773201
13.400000 0.001573 0.779395 0.779397
13.500000 0.001601 0.785630 0.785631
13.600000 0.001615 0.791738 0.791739
13.700000 0.001614 0.797559 0.797561
13.800000 0.001598 0.802946 0.802947
13.900000 0.001567 0.807762 0.807764
14.000000 0.001519 0.811895 0.811896
14.100000 0.001455 0.815253 0.815254
14.200000 0.001373 0.817771 0.817773
14.300000 0.001275 0.819414 0.819415
14.400000 0.001161 0.820174 0.820174
14.500000 0.001031 0.820070 0.820071
14.600000 0.000889 0.819152 0.819152
14.700000 0.000738 0.817488 0.817488
14.800000 0.000583 0.815169 0.815169
14.900000 0.000428 0.812301 0.812301
15.000000 0.000282 0.809001 0.809001
15.100000 0.000151 0.805394 0.805394
15.200000 0.000041 0.801607 0.801607
15.300000 -0.000040 0.797767 0.797767
15.400000 -0.000089 0.793996 0.793996
15.500000 -0.000103 0.790409 0.790409
15.600000 -0.000082 0.787110 0.787110
15.700000 -0.000029 0.784193 0.784193
15.800000 0.000053 0.781735 0.781735
15.900000 0.000155 0.779799 0.779799
16.000000 0.000269 0.778432 0.778432
16.100000 0.000385 0.777663 0.777663
16.200000 0.000496 0.777504 0.777504
16.300000 0.000591 0.777948 0.777949
16.400000 0.000666 0.778975 0.778975
16.500000 0.000713 0.780544 0.780544
16.600000 0.000732 0.782602 0.782603
16.700000 0.000721 0.785081 0.785082
16.800000 0.000682 0.787901 0.787901
16.900000 0.000618 0.790971 0.790971
17.000000 0.000533 0.794191 0.794191
17.100000 0.000431 0.797458 0.797458
17.200000 0.000318 0.800664 0.800664
17.300000 0.000198 0.803703 0.803703
17.400000 0.000076 0.806473 0.806473
17.500000 -0.000045 0.808880 0.808880
17.600000 -0.000160 0.810841 0.810841
17.700000 -0.000268 0.812290 0.812290
17.800000 -0.000366 0.813179 0.813179
17.900000 -0.000451 0.813479 0.813479
18.000000 -0.000521 0.813184 0.813185
18.100000 -0.000574 0.812312 0.812312
18.200000 -0.000606 0.810898 0.810899
18.300000 -0.000616 0.808999 0.809000
18.400000 -0.000601 0.806685 0.806686
18.500000 -0.000560 0.804039 0.804039
18.600000 -0.000490 0.801150 0.801150
18.700000 -0.000391 0.798110 0.798111
18.800000 -0.000265 0.795012 0.795012
18.900000 -0.000111 0.791942 0.791942
19.000000 0.000065 0.788981 0.788981
19.100000 0.000261 0.786202 0.786202
19.200000 0.000471 0.783668 0.783668
19.300000 0.000687 0.781431 0.781431
19.400000 0.000903 0.779534 0.779534
19.500000 0.001110 0.778010 0.778011
19.600000 0.001301 0.776883 0.776884
19.700000 0.001469 0.776167 0.776169
19.800000 0.001608 0.775869 0.775871
19.900000 0.001713 0.775987 0.775988
20.000000 0.001781 0.776508 0.776510
20.100000 0.001811 0.777416 0.777418
20.200000 0.001805 0.778684 0.778686
20.300000 0.001765 0.780277 0.780279
20.400000 0.001696 0.782155 0.782157
20.500000 0.001605 0.784271 0.784273
20.600000 0.001499 0.786571 0.786573
20.700000 0.001385 0.788998 0.788999
20.800000 0.001273 0.791490 0.791491
20.900000 0.001169 0.793984 0.793985
21.000000 0.001081 0.796418 0.796418
21.100000 0.001015 0.798730 0.798731
21.200000 0.000976 0.800865 0.800866
21.300000 0.000966 0.802771 0.802772
21.400000 0.000987 0.804405 0.804406
21.500000 0.001038 0.805733 0.805734
21.600000 0.001117 0.806731 0.806732
21.700000 0.001220 0.807387 0.807388
21.800000 0.001342 0.807699 0.807700
21.900000 0.001477 0.807678 0.807679
22.000000 0.001619 0.807343 0.807345
22.100000 0.001760 0.806724 0.806726
22.200000 0.001893 0.805858 0.805860
22.300000 0.002013 0.804786 0.804789
22.400000 0.002113 0.803555 0.803558
22.500000 0.002189 0.802212 0.802215
22.600000 0.002238 0.800800 0.800804
22.700000 0.002256 0.799365 0.799368
22.800000 0.002242 0.797945 0.797948
22.900000 0.002196 0.796574 0.796577
23.000000 0.002119 0.795280 0.795283
23.100000 0.002011 0.794088 0.794090
23.200000 0.001874 0.793015 0.793018
23.300000 0.001713 0.792078 0.792079
23.400000 0.001532 0.791285 0.791286
23.500000 0.001335 0.790645 0.790646
23.600000 0.001129 0.790163 0.790164
23.700000 0.000919 0.789842 0.789843
23.800000 0.000712 0.789681 0.789681
23.900000 0.000515 0.789677 0.789677
24.000000 0.000334 0.789823 0.789823
24.100000 0.000173 0.790109 0.790109
24.200000 0.000037 0.790520 0.790520
24.300000 -0.000071 0.791037 0.791037
24.400000 -0.000149 0.791637 0.791637
24.500000 -0.000196 0.792292 0.792292
24.600000 -0.000215 0.792974 0.792974
24.700000 -0.000206 0.793651 0.793651
24.800000 -0.000174 0.794291 0.794291
24.900000 -0.000122 0.794863 0.794863
25.000000 -0.000057 0.795339 0.795339
25.100000 0.000016 0.795694 0.795694
25.200000 0.000091 0.795909 0.795909
25.300000 0.000161 0.795969 0.795969
25.400000 0.000221 0.795867 0.795867
25.500000 0.000264 0.795603 0.795603
25.600000 0.000288 0.795182 0.795183
25.700000 0.000289 0.794619 0.794619
25.800000 0.000265 0.793933 0.793933
25.900000 0.000215 0.793147 0.793147
26.000000 0.000142 0.792293 0.792293
26.100000 0.000047 0.791402 0.791402
26.200000 -0.000066 0.790509 0.790509
26.300000 -0.000192 0.789652 0.789652
26.400000 -0.000327 0.788864 0.788864
26.500000 -0.000464 0.788180 0.788180
26.600000 -0.000598 0.787630 0.787630
26.700000 -0.000723 0.787241 0.787241
26.800000 -0.000835 0.787034 0.787035
26.900000 -0.000929 0.787026 0.787027
27.000000 -0.001000 0.787228 0.787228
27.100000 -0.001045 0.787642 0.787643
27.200000 -0.001062 0.788269 0.788270
27.300000 -0.001049 0.789099 0.789099
27.400000 -0.001005 0.790118 0.790119
27.500000 -0.000931 0.791308 0.791308
27.600000 -0.000827 0.792642 0.792643
27.700000 -0.000696 0.794092 0.794092
27.800000 -0.000542 0.795623 0.795623
27.900000 -0.000369 0.797196 0.797196
28.000000 -0.000183 0.798772 0.798772
28.100000 0.000010 0.800307 0.800307
28.200000 0.000205 0.801758 0.801758
28.300000 0.000396 0.803084 0.803084
28.400000 0.000578 0.804243 0.804244
28.500000 0.000745 0.805201 0.805202
28.600000 0.000894 0.805927 0.805927
28.700000 0.001023 0.806397 0.806397
28.800000 0.001130 0.806595 0.806596
28.900000 0.001213 0.806514 0.806515
29.000000 0.001272 0.806156 0.806157
29.100000 0.001310 0.805532 0.805533
29.200000 0.001328 0.804658 0.804659
29.300000 0.001328 0.803562 0.803563
29.400000 0.001316 0.802274 0.802275
29.500000 0.001295 0.800830 0.800831
29.600000 0.001268 0.799270 0.799271
29.700000 0.001241 0.797633 0.797634
29.800000 0.001216 0.795960 0.795961
29.900000 0.001198 0.794291 0.794291
30.000000 0.001188 0.792661 0.792662
30.100000 0.001190 0.791105 0.791106
30.200000 0.001203 0.789653 0.789653
30.300000 0.001229 0.788330 0.788331
30.400000 0.001268 0.787160 0.787161
30.500000 0.001319 0.786160 0.786161
30.600000 0.001381 0.785342 0.785344
30.700000 0.001453 0.784717 0.784719
30.800000 0.001535 0.784290 0.784291
30.900000 0.001624 0.784060 0.784062
31.000000 0.001720 0.784026 0.784028
31.100000 0.001821 0.784181 0.784183
31.200000 0.001925 0.784514 0.784517
31.300000 0.002029 0.785012 0.785014
31.400000 0.002130 0.785655 0.785658
31.500000 0.002227 0.786426 0.786429
31.600000 0.002316 0.787301 0.787304
31.700000 0.002393 0.788256 0.788260
31.800000 0.002455 0.789268 0.789272
31.900000 0.002500 0.790311 0.790315
32.000000 0.002526 0.791363 0.791367
32.100000 0.002531 0.792401 0.792405
32.200000 0.002513 0.793405 0.793409
32.300000 0.002473 0.794360 0.794364
32.400000 0.002412 0.795252 0.795256
32.500000 0.002330 0.796070 0.796073
32.600000 0.002230 0.796807 0.796810
32.700000 0.002114 0.797460 0.797463
32.800000 0.001986 0.798027 0.798029
32.900000 0.001847 0.798510 0.798512
33.000000 0.001702 0.798912 0.798914
33.100000 0.001554 0.799238 0.799239
33.200000 0.001404 0.799492 0.799493
33.300000 0.001256 0.799679 0.799680
33.400000 0.001110 0.799804 0.799805
33.500000 0.000969 0.799872 0.799872
33.600000 0.000833 0.799884 0.799885
33.700000 0.000703 0.799845 0.799845
33.800000 0.000580 0.799755 0.799756
33.900000 0.000465 0.799618 0.799618
34.000000 0.000360 0.799435 0.799435
34.100000 0.000267 0.799207 0.799207
34.200000 0.000187 0.798939 0.798939
34.300000 0.000121 0.798633 0.798633
34.400000 0.000072 0.798295 0.798295
34.500000 0.000040 0.797928 0.797928
34.600000 0.000023 0.797539 0.797539
34.700000 0.000020 0.797135 0.797135
34.800000 0.000027 0.796722 0.796722
34.900000 0.000041 0.796306 0.796306
35.000000 0.000057 0.795893 0.795893
35.100000 0.000070 0.795489 0.795489
35.200000 0.000075 0.795097 0.795097
35.300000 0.000068 0.794720 0.794720
35.400000 0.000046 0.794361 0.794361
35.500000 0.000008 0.794020 0.794020
35.600000 -0.000048 0.793696 0.793696
35.700000 -0.000121 0.793389 0.793389
35.800000 -0.000208 0.793096 0.793096
35.900000 -0.000306 0.792817 0.792817
36.000000 -0.000410 0.792550 0.792550
36.100000 -0.000516 0.792294 0.792294
36.200000 -0.000619 0.792049 0.792049
36.300000 -0.000715 0.791813 0.791814
36.400000 -0.000799 0.791589 0.791590
36.500000 -0.000869 0.791378 0.791378
36.600000 -0.000921 0.791181 0.791181
36.700000 -0.000956 0.790999 0.790999
36.800000 -0.000972 0.790835 0.790836
36.900000 -0.000969 0.790692 0.790692
37.000000 -0.000950 0.790570 0.790571
37.100000 -0.000914 0.790473 0.790474
37.200000 -0.000864 0.790403 0.790404
37.300000 -0.000799 0.790362 0.790362
37.400000 -0.000722 0.790352 0.790353
37.500000 -0.000634 0.790377 0.790377
37.600000 -0.000535 0.790439 0.790440
37.700000 -0.000428 0.790542 0.790543
37.800000 -0.000314 0.790690 0.790690
37.900000 -0.000196 0.790886 0.790886
38.000000 -0.000077 0.791133 0.791133
38.100000 0.000042 0.791434 0.791434
38.200000 0.000156 0.791790 0.791790
38.300000 0.000264 0.792201 0.792201
38.400000 0.000365 0.792665 0.792665
38.500000 0.000457 0.793177 0.793177
38.600000 0.000540 0.793732 0.793732
38.700000 0.000616 0.794320 0.794321
38.800000 0.000685 0.794932 0.794932
38.900000 0.000751 0.795556 0.795556
39.000000 0.000815 0.796179 0.796179
39.100000 0.000880 0.796788 0.796788
39.200000 0.000949 0.797370 0.797371
39.300000 0.001024 0.797913 0.797914
39.400000 0.001107 0.798406 0.798407
39.500000 0.001199 0.798838 0.798839
39.600000 0.001299 0.799202 0.799203
39.700000 0.001407 0.799489 0.799490
39.800000 0.001521 0.799696 0.799697
39.900000 0.001638 0.799820 0.799821
40.000000 0.001755 0.799860 0.799861
40.100000 0.001867 0.799817 0.799819
40.200000 0.001970 0.799696 0.799698
40.300000 0.002061 0.799500 0.799503
40.400000 0.002136 0.799238 0.799241
40.500000 0.002194 0.798917 0.798920
40.600000 0.002232 0.798546 0.798549
40.700000 0.002251 0.798135 0.798138
40.800000 0.002251 0.797693 0.797697
40.900000 0.002235 0.797230 0.797233
41.000000 0.002204 0.796754 0.796757
41.100000 0.002161 0.796272 0.796274
41.200000 0.002110 0.795789 0.795792
41.300000 0.002053 0.795311 0.795314
41.400000 0.001993 0.794841 0.794844
41.500000 0.001934 0.794381 0.794384
41.600000 0.001876 0.793934 0.793936
41.700000 0.001823 0.793500 0.793502
41.800000 0.001774 0.793080 0.793082
41.900000 0.001732 0.792675 0.792677
42.000000 0.001695 0.792285 0.792287
42.100000 0.001664 0.791911 0.791913
42.200000 0.001637 0.791554 0.791556
42.300000 0.001614 0.791214 0.791216
42.400000 0.001591 0.790892 0.790894
42.500000 0.001567 0.790588 0.790590
42.600000 0.001539 0.790304 0.790306
42.700000 0.001504 0.790041 0.790043
42.800000 0.001460 0.789801 0.789803
42.900000 0.001404 0.789588 0.789589
43.000000 0.001335 0.789404 0.789405
43.100000 0.001253 0.789255 0.789256
43.200000 0.001158 0.789146 0.789147
43.300000 0.001051 0.789086 0.789086
43.400000 0.000933 0.789080 0.789080
43.500000 0.000809 0.789136 0.789136
43.600000 0.000681 0.789261 0.789262
43.700000 0.000551 0.789462 0.789463
43.800000 0.000422 0.789744 0.789745
43.900000 0.000296 0.790111 0.790111
44.000000 0.000176 0.790562 0.790562
44.100000 0.000063 0.791099 0.791099
44.200000 -0.000044 0.791716 0.791716
44.300000 -0.000142 0.792408 0.792408
44.400000 -0.000233 0.793165 0.793165
44.500000 -0.000315 0.793978 0.793978
44.600000 -0.000389 0.794831 0.794831
44.700000 -0.000455 0.795711 0.795711
44.800000 -0.000511 0.796600 0.796600
44.900000 -0.000559 0.797482 0.797482
45.000000 -0.000598 0.798338 0.798338
45.100000 -0.000627 0.799151 0.799151
45.200000 -0.000648 0.799904 0.799904
45.300000 -0.000661 0.800581 0.800582
45.400000 -0.000666 0.801169 0.801169
45.500000 -0.000664 0.801653 0.801653
45.600000 -0.000655 0.802022 0.802022
45.700000 -0.000641 0.802268 0.802268
45.800000 -0.000622 0.802382 0.802383
45.900000 -0.000598 0.802361 0.802361
46.000000 -0.000570 0.802202 0.802202
46.100000 -0.000538 0.801905 0.801905
46.200000 -0.000503 0.801473 0.801474
46.300000 -0.000463 0.800914 0.800914
46.400000 -0.000420 0.800235 0.800235
46.500000 -0.000373 0.799449 0.799449
46.600000 -0.000322 0.798570 0.798571
46.700000 -0.000267 0.797616 0.797616
46.800000 -0.000210 0.796604 0.796604
46.900000 -0.000149 0.795554 0.795554
47.000000 -0.000084 0.794489 0.794489
47.100000 -0.000016 0.793429 0.793429
47.200000 0.000057 0.792395 0.792395
47.300000 0.000136 0.791409 0.791409
47.400000 0.000223 0.790488 0.790488
47.500000 0.000320 0.789652 0.789652
47.600000 0.000428 0.788915 0.788915
47.700000 0.000548 0.788289 0.788289
47.800000 0.000681 0.787786 0.787786
47.900000 0.000826 0.787412 0.787412
48.000000 0.000981 0.787172 0.787173
48.100000 0.001144 0.787068 0.787069
48.200000 0.001310 0.787098 0.787099
48.300000 0.001474 0.787259 0.787260
48.400000 0.001633 0.787543 0.787545
48.500000 0.001781 0.787943 0.787945
48.600000 0.001913 0.788445 0.788447
48.700000 0.002027 0.789037 0.789040
48.800000 0.002119 0.789705 0.789708
48.900000 0.002188 0.790433 0.790436
49.000000 0.002233 0.791203 0.791207
49.100000 0.002256 0.791999 0.792002
49.200000 0.002257 0.792803 0.792806
49.300000 0.002239 0.793598 0.793601
49.400000 0.002205 0.794367 0.794370
49.500000 0.002158 0.795096 0.795099
49.600000 0.002102 0.795769 0.795772
49.700000 0.002041 0.796376 0.796379
49.800000 0.001977 0.796906 0.796908
49.900000 0.001915 0.797351 0.797353
50.000000 0.001858 0.797706 0.797708
50.100000 0.001808 0.797969 0.797971
50.200000 0.001768 0.798140 0.798142
50.300000 0.001737 0.798221 0.798223
50.400000 0.001717 0.798219 0.798221
50.500000 0.001706 0.798140 0.798142
50.600000 0.001704 0.797995 0.797997
50.700000 0.001708 0.797794 0.797796
50.800000 0.001716 0.797551 0.797553
50.900000 0.001724 0.797278 0.797280
51.000000 0.001730 0.796988 0.796990
51.100000 0.001730 0.796694 0.796696
51.200000 0.001722 0.796407 0.796409
51.300000 0.001702 0.796136 0.796138
51.400000 0.001670 0.795890 0.795892
51.500000 0.001622 0.795674 0.795676
51.600000 0.001559 0.795493 0.795495
51.700000 0.001479 0.795350 0.795351
51.800000 0.001383 0.795244 0.795245
51.900000 0.001270 0.795175 0.795176
52.000000 0.001141 0.795141 0.795142
52.100000 0.000997 0.795137 0.795138
52.200000 0.000840 0.795158 0.795159
52.300000 0.000670 0.795199 0.795199
52.400000 0.000490 0.795251 0.795251
52.500000 0.000303 0.795306 0.795306
52.600000 0.000111 0.795357 0.795357
52.700000 -0.000081 0.795395 0.795395
52.800000 -0.000270 0.795413 0.795413
52.900000 -0.000451 0.795404 0.795404
53.000000 -0.000620 0.795363 0.795363
53.100000 -0.000773 0.795285 0.795286
53.200000 -0.000907 0.795169 0.795169
53.300000 -0.001018 0.795011 0.795012
53.400000 -0.001104 0.794812 0.794813
53.500000 -0.001165 0.794572 0.794573
53.600000 -0.001201 0.794293 0.794294
53.700000 -0.001212 0.793978 0.793979
53.800000 -0.001201 0.793629 0.793630
53.900000 -0.001170 0.793253 0.793254
54.000000 -0.001123 0.792855 0.792855
54.100000 -0.001062 0.792442 0.792442
54.200000 -0.000993 0.792023 0.792024
54.300000 -0.000918 0.791608 0.791609
54.400000 -0.000842 0.791209 0.791210
54.500000 -0.000766 0.790837 0.790837
54.600000 -0.000694 0.790504 0.790505
54.700000 -0.000628 0.790223 0.790223
54.800000 -0.000568 0.790005 0.790005
54.900000 -0.000515 0.789859 0.789859
55.000000 -0.000469 0.789795 0.789795
55.100000 -0.000427 0.789819 0.789819
55.200000 -0.000388 0.789935 0.789935
55.300000 -0.000349 0.790143 0.790143
55.400000 -0.000308 0.790443 0.790443
55.500000 -0.000262 0.790832 0.790832
55.600000 -0.000210 0.791302 0.791303
55.700000 -0.000151 0.791848 0.791848
55.800000 -0.000083 0.792459 0.792459
55.900000 -0.000006 0.793126 0.793126
56.000000 0.000079 0.793835 0.793835
56.100000 0.000173 0.794576 0.794576
56.200000 0.000276 0.795334 0.795334
56.300000 0.000388 0.796095 0.796096
56.400000 0.000509 0.796846 0.796846
56.500000 0.000639 0.797570 0.797570
56.600000 0.000777 0.798253 0.798253
56.700000 0.000922 0.798878 0.798879
56.800000 0.001072 0.799432 0.799432
56.900000 0.001224 0.799898 0.799899
57.000000 0.001377 0.800264 0.800265
57.100000 0.001526 0.800518 0.800519
57.200000 0.001668 0.800649 0.800651
57.300000 0.001800 0.800651 0.800653
57.400000 0.001919 0.800520 0.800522
57.500000 0.002022 0.800256 0.800259
57.600000 0.002108 0.799864 0.799867
57.700000 0.002176 0.799352 0.799355
57.800000 0.002227 0.798732 0.798735
57.900000 0.002262 0.798021 0.798024
58.000000 0.002283 0.797238 0.797241
58.100000 0.002293 0.796405 0.796408
58.200000 0.002295 0.795546 0.795549
58.300000 0.002293 0.794683 0.794686
58.400000 0.002291 0.793840 0.793844
58.500000 0.002291 0.793039 0.793042
58.600000 0.002295 0.792299 0.792302
58.700000 0.002304 0.791635 0.791639
58.800000 0.002320 0.791062 0.791066
58.900000 0.002341 0.790588 0.790592
59.000000 0.002366 0.790220 0.790223
59.100000 0.002393 0.789959 0.789962
59.200000 0.002420 0.789805 0.789808
59.300000 0.002444 0.789755 0.789758
59.400000 0.002461 0.789802 0.789806
59.500000 0.002468 0.789940 0.789944
59.600000 0.002462 0.790160 0.790164
59.700000 0.002438 0.790452 0.790456
59.800000 0.002396 0.790806 0.790810
59.900000 0.002333 0.791211 0.791215
60.000000 0.002248 0.791657 0.791660
60.100000 0.002143 0.792134 0.792137
60.200000 0.002019 0.792630 0.792632
60.300000 0.001880 0.793135 0.793137
60.400000 0.001727 0.793638 0.793640
60.500000 0.001564 0.794128 0.794129
60.600000 0.001396 0.794593 0.794594
60.700000 0.001225 0.795022 0.795023
60.800000 0.001054 0.795404 0.795405
60.900000 0.000884 0.795728 0.795729
61.000000 0.000718 0.795986 0.795986
61.100000 0.000556 0.796170 0.796170
61.200000 0.000398 0.796275 0.796275
61.300000 0.000246 0.796300 0.796300
61.400000 0.000099 0.796247 0.796247
61.500000 -0.000041 0.796120 0.796120
61.600000 -0.000173 0.795930 0.795930
61.700000 -0.000296 0.795688 0.795688
61.800000 -0.000408 0.795408 0.795409
61.900000 -0.000508 0.795108 0.795108
62.000000 -0.000593 0.794804 0.794804
62.100000 -0.000664 0.794513 0.794513
62.200000 -0.000719 0.794250 0.794250
62.300000 -0.000760 0.794028 0.794028
62.400000 -0.000788 0.793857 0.793858
62.500000 -0.000804 0.793745 0.793746
62.600000 -0.000812 0.793695 0.793695
62.700000 -0.000815 0.793706 0.793706
62.800000 -0.000816 0.793776 0.793777
62.900000 -0.000818 0.793901 0.793902
63.000000 -0.000825 0.794074 0.794075
63.100000 -0.000837 0.794287 0.794288
63.200000 -0.000857 0.794532 0.794533
63.300000 -0.000885 0.794800 0.794800
63.400000 -0.000920 0.795081 0.795082
63.500000 -0.000959 0.795368 0.795369
63.600000 -0.001000 0.795652 0.795652
63.700000 -0.001039 0.795923 0.795924
63.800000 -0.001072 0.796175 0.796176
63.900000 -0.001095 0.796399 0.796400
64.000000 -0.001106 0.796588 0.796589
64.100000 -0.001101 0.796736 0.796737
64.200000 -0.001079 0.796836 0.796836
64.300000 -0.001039 0.796882 0.796883
64.400000 -0.000982 0.796871 0.796871
64.500000 -0.000909 0.796798 0.796799
64.600000 -0.000822 0.796662 0.796662
64.700000 -0.000723 0.796461 0.796461
64.800000 -0.000616 0.796197 0.796197
64.900000 -0.000503 0.795873 0.795873
65.000000 -0.000386 0.795494 0.795494
65.100000 -0.000269 0.795067 0.795067
65.200000 -0.000152 0.794602 0.794602
65.300000 -0.000037 0.794110 0.794110
65.400000 0.000076 0.793603 0.793603
65.500000 0.000187 0.793095 0.793095
65.600000 0.000295 0.792600 0.792600
65.700000 0.000403 0.792132 0.792132
65.800000 0.000511 0.791703 0.791703
65.900000 0.000621 0.791327 0.791327
66.000000 0.000735 0.791013 0.791013
66.100000 0.000853 0.790771 0.790772
66.200000 0.000978 0.790609 0.790610
66.300000 0.001109 0.790530 0.790531
66.400000 0.001247 0.790538 0.790539
66.500000 0.001392 0.790632 0.790634
66.600000 0.001541 0.790811 0.790812
66.700000 0.001694 0.791069 0.791070
66.800000 0.001846 0.791399 0.791401
66.900000 0.001994 0.791794 0.791796
67.000000 0.002136 0.792243 0.792246
67.100000 0.002266 0.792737 0.792740
67.200000 0.002382 0.793264 0.793268
67.300000 0.002480 0.793814 0.793818
67.400000 0.002559 0.794374 0.794378
67.500000 0.002618 0.794933 0.794937
67.600000 0.002657 0.795479 0.795483
67.700000 0.002678 0.796000 0.796005
67.800000 0.002682 0.796486 0.796491
67.900000 0.002673 0.796925 0.796929
68.000000 0.002654 0.797305 0.797310
68.100000 0.002628 0.797619 0.797623
68.200000 0.002597 0.797857 0.797861
68.300000 0.002565 0.798013 0.798017
68.400000 0.002532 0.798082 0.798086
68.500000 0.002500 0.798064 0.798068
68.600000 0.002468 0.797958 0.797962
68.700000 0.002437 0.797768 0.797771
68.800000 0.002405 0.797499 0.797502
68.900000 0.002373 0.797158 0.797162
69.000000 0.002338 0.796757 0.796761
69.100000 0.002301 0.796306 0.796309
69.200000 0.002262 0.795818 0.795821
69.300000 0.002220 0.795306 0.795309
69.400000 0.002177 0.794785 0.794788
69.500000 0.002131 0.794270 0.794272
69.600000 0.002083 0.793773 0.793776
69.700000 0.002032 0.793309 0.793312
69.800000 0.001977 0.792891 0.792894
69.900000 0.001917 0.792531 0.792533
70.000000 0.001849 0.792238 0.792240
70.100000 0.001774 0.792020 0.792022
70.200000 0.001688 0.791882 0.791884
70.300000 0.001592 0.791829 0.791831
70.400000 0.001485 0.791861 0.791862
70.500000 0.001368 0.791974 0.791975
70.600000 0.001241 0.792163 0.792164
70.700000 0.001105 0.792419 0.792420
70.800000 0.000962 0.792731 0.792732
70.900000 0.000813 0.793086 0.793086
71.000000 0.000660 0.793468 0.793469
71.100000 0.000506 0.793863 0.793863
71.200000 0.000352 0.794254 0.794254
71.300000 0.000201 0.794626 0.794626
71.400000 0.000055 0.794967 0.794967
71.500000 -0.000084 0.795265 0.795265
71.600000 -0.000213 0.795512 0.795512
71.700000 -0.000331 0.795702 0.795702
71.800000 -0.000437 0.795832 0.795833
71.900000 -0.000531 0.795902 0.795903
72.000000 -0.000614 0.795914 0.795914
72.100000 -0.000687 0.795872 0.795872
72.200000 -0.000751 0.795780 0.795781
72.300000 -0.000809 0.795646 0.795647
72.400000 -0.000862 0.795477 0.795477
72.500000 -0.000911 0.795279 0.795280
72.600000 -0.000956 0.795060 0.795061
72.700000 -0.000998 0.794826 0.794827
72.800000 -0.001034 0.794583 0.794584
72.900000 -0.001065 0.794337 0.794338
73.000000 -0.001087 0.794092 0.794093
73.100000 -0.001100 0.793854 0.793854
73.200000 -0.001102 0.793626 0.793627
73.300000 -0.001093 0.793415 0.793415
73.400000 -0.001074 0.793224 0.793225
73.500000 -0.001044 0.793060 0.793061
73.600000 -0.001006 0.792929 0.792930
73.700000 -0.000962 0.792835 0.792836
73.800000 -0.000914 0.792784 0.792785
73.900000 -0.000864 0.792781 0.792781
74.000000 -0.000815 0.792826 0.792827
74.100000 -0.000769 0.792923 0.792924
74.200000 -0.000726 0.793070 0.793070
74.300000 -0.000686 0.793264 0.793265
74.400000 -0.000649 0.793501 0.793501
74.500000 -0.000615 0.793772 0.793772
74.600000 -0.000582 0.794070 0.794070
74.700000 -0.000549 0.794385 0.794385
74.800000 -0.000513 0.794705 0.794705
74.900000 -0.000473 0.795019 0.795020
75.000000 -0.000428 0.795318 0.795318
75.100000 -0.000376 0.795591 0.795591
75.200000 -0.000315 0.795830 0.795830
75.300000 -0.000245 0.796028 0.796028
75.400000 -0.000166 0.796181 0.796181
75.500000 -0.000077 0.796285 0.796285
75.600000 0.000022 0.796338 0.796338
75.700000 0.000130 0.796342 0.796342
75.800000 0.000247 0.796297 0.796297
75.900000 0.000373 0.796205 0.796205
76.000000 0.000507 0.796069 0.796069
76.100000 0.000647 0.795894 0.795894
76.200000 0.000794 0.795683 0.795684
76.300000 0.000946 0.795443 0.795444
76.400000 0.001101 0.795180 0.795181
76.500000 0.001258 0.794901 0.794902
76.600000 0.001414 0.794613 0.794615
76.700000 0.001567 0.794326 0.794328
76.800000 0.001714 0.794047 0.794049
76.900000 0.001851 0.793784 0.793787
77.000000 0.001977 0.793545 0.793548
77.100000 0.002089 0.793335 0.793338
77.200000 0.002184 0.793160 0.793163
77.300000 0.002260 0.793023 0.793027
77.400000 0.002317 0.792927 0.792930
77.500000 0.002353 0.792871 0.792875
77.600000 0.002369 0.792856 0.792860
77.700000 0.002366 0.792880 0.792884
77.800000 0.002345 0.792941 0.792944
77.900000 0.002309 0.793034 0.793037
78.000000 0.002261 0.793157 0.793160
78.100000 0.002205 0.793305 0.793308
78.200000 0.002146 0.793475 0.793478
78.300000 0.002089 0.793662 0.793665
78.400000 0.002037 0.793863 0.793866
78.500000 0.001996 0.794074 0.794076
78.600000 0.001967 0.794289 0.794292
78.700000 0.001954 0.794507 0.794509
78.800000 0.001957 0.794720 0.794722
78.900000 0.001973 0.794924 0.794926
79.000000 0.002001 0.795113 0.795116
79.100000 0.002037 0.795282 0.795285
79.200000 0.002075 0.795425 0.795428
79.300000 0.002110 0.795537 0.795540
79.400000 0.002137 0.795613 0.795615
79.500000 0.002153 0.795649 0.795652
79.600000 0.002153 0.795645 0.795648
79.700000 0.002136 0.795600 0.795603
79.800000 0.002101 0.795516 0.795519
79.900000 0.002047 0.795395 0.795398
80.000000 0.001977 0.795242 0.795245
80.100000 0.001892 0.795063 0.795065
80.200000 0.001795 0.794864 0.794866
80.300000 0.001689 0.794652 0.794654
80.400000 0.001577 0.794435 0.794437
80.500000 0.001462 0.794219 0.794221
80.600000 0.001345 0.794012 0.794013
80.700000 0.001228 0.793821 0.793822
80.800000 0.001113 0.793650 0.793651
80.900000 0.000999 0.793506 0.793507
81.000000 0.000888 0.793392 0.793393
81.100000 0.000779 0.793311 0.793312
81.200000 0.000672 0.793265 0.793265
81.300000 0.000567 0.793253 0.793253
81.400000 0.000464 0.793275 0.793275
81.500000 0.000363 0.793329 0.793329
81.600000 0.000265 0.793413 0.793413
81.700000 0.000172 0.793523 0.793523
81.800000 0.000084 0.793656 0.793656
81.900000 0.000003 0.793808 0.793808
82.000000 -0.000071 0.793975 0.793975
82.100000 -0.000136 0.794154 0.794154
82.200000 -0.000192 0.794339 0.794339
82.300000 -0.000239 0.794527 0.794527
82.400000 -0.000279 0.794712 0.794712
82.500000 -0.000312 0.794889 0.794889
82.600000 -0.000341 0.795054 0.795054
82.700000 -0.000368 0.795200 0.795200
82.800000 -0.000395 0.795325 0.795325
82.900000 -0.000424 0.795422 0.795422
83.000000 -0.000454 0.795491 0.795491
83.100000 -0.000486 0.795528 0.795528
83.200000 -0.000519 0.795534 0.795534
83.300000 -0.000552 0.795508 0.795508
83.400000 -0.000584 0.795452 0.795453
83.500000 -0.000611 0.795370 0.795371
83.600000 -0.000633 0.795266 0.795266
83.700000 -0.000648 0.795143 0.795143
83.800000 -0.000655 0.795006 0.795007
83.900000 -0.000653 0.794862 0.794862
84.000000 -0.000643 0.794715 0.794715
84.100000 -0.000624 0.794570 0.794570
84.200000 -0.000597 0.794431 0.794431
84.300000 -0.000562 0.794301 0.794302
84.400000 -0.000519 0.794185 0.794185
84.500000 -0.000470 0.794083 0.794083
84.600000 -0.000413 0.793999 0.793999
84.700000 -0.000350 0.793934 0.793934
84.800000 -0.000282 0.793889 0.793889
84.900000 -0.000209 0.793866 0.793866
85.000000 -0.000134 0.793863 0.793863
85.100000 -0.000058 0.793882 0.793882
85.200000 0.000017 0.793920 0.793920
85.300000 0.000090 0.793974 0.793974
85.400000 0.000159 0.794043 0.794043
85.500000 0.000225 0.794120 0.794120
85.600000 0.000287 0.794200 0.794200
85.700000 0.000345 0.794280 0.794280
85.800000 0.000403 0.794352 0.794352
85.900000 0.000460 0.794413 0.794413
86.000000 0.000520 0.794459 0.794459
86.100000 0.000584 0.794486 0.794486
86.200000 0.000653 0.794493 0.794494
86.300000 0.000726 0.794479 0.794479
86.400000 0.000804 0.794443 0.794444
86.500000 0.000885 0.794387 0.794388
86.600000 0.000966 0.794312 0.794312
86.700000 0.001045 0.794219 0.794220
86.800000 0.001119 0.794113 0.794114
86.900000 0.001185 0.793998 0.793999
87.000000 0.001243 0.793877 0.793878
87.100000 0.001290 0.793758 0.793759
87.200000 0.001328 0.793646 0.793647
87.300000 0.001356 0.793548 0.793550
87.400000 0.001376 0.793473 0.793474
87.500000 0.001392 0.793425 0.793426
87.600000 0.001405 0.793411 0.793413
87.700000 0.001417 0.793435 0.793437
87.800000 0.001432 0.793499 0.793501
87.900000 0.001451 0.793603 0.793604
88.000000 0.001475 0.793744 0.793746
88.100000 0.001505 0.793919 0.793920
88.200000 0.001541 0.794120 0.794121
88.300000 0.001582 0.794340 0.794342
88.400000 0.001628 0.794572 0.794574
88.500000 0.001676 0.794807 0.794809
88.600000 0.001726 0.795036 0.795038
88.700000 0.001776 0.795254 0.795256
88.800000 0.001822 0.795453 0.795455
88.900000 0.001862 0.795629 0.795631
89.000000 0.001895 0.795778 0.795781
89.100000 0.001919 0.795899 0.795901
89.200000 0.001930 0.795988 0.795990
89.300000 0.001929 0.796046 0.796048
89.400000 0.001913 0.796072 0.796074
89.500000 0.001883 0.796067 0.796070
89.600000 0.001839 0.796033 0.796035
89.700000 0.001780 0.795969 0.795971
89.800000 0.001708 0.795878 0.795880
89.900000 0.001623 0.795762 0.795764
90.000000 0.001528 0.795622 0.795624
90.100000 0.001424 0.795461 0.795462
90.200000 0.001314 0.795280 0.795281
90.300000 0.001201 0.795080 0.795081
90.400000 0.001087 0.794864 0.794865
90.500000 0.000977 0.794633 0.794634
90.600000 0.000873 0.794390 0.794390
90.700000 0.000778 0.794137 0.794137
90.800000 0.000697 0.793878 0.793878
90.900000 0.000629 0.793617 0.793617
91.000000 0.000578 0.793360 0.793360
91.100000 0.000541 0.793114 0.793114
91.200000 0.000519 0.792886 0.792886
91.300000 0.000509 0.792684 0.792684
91.400000 0.000507 0.792515 0.792515
91.500000 0.000511 0.792386 0.792387
91.600000 0.000515 0.792304 0.792304
91.700000 0.000517 0.792272 0.792273
91.800000 0.000513 0.792294 0.792294
91.900000 0.000500 0.792368 0.792369
92.000000 0.000477 0.792495 0.792495
92.100000 0.000443 0.792670 0.792670
92.200000 0.000398 0.792888 0.792888
92.300000 0.000343 0.793144 0.793144
92.400000 0.000280 0.793429 0.793429
92.500000 0.000213 0.793737 0.793737
92.600000 0.000143 0.794058 0.794059
92.700000 0.000077 0.794386 0.794386
92.800000 0.000015 0.794709 0.794709
92.900000 -0.000037 0.795020 0.795020
93.000000 -0.000078 0.795309 0.795309
93.100000 -0.000107 0.795568 0.795568
93.200000 -0.000123 0.795788 0.795788
93.300000 -0.000126 0.795964 0.795964
93.400000 -0.000119 0.796089 0.796089
93.500000 -0.000103 0.796162 0.796162
93.600000 -0.000080 0.796183 0.796183
93.700000 -0.000053 0.796152 0.796152
93.800000 -0.000023 0.796075 0.796075
93.900000 0.000008 0.795956 0.795956
94.000000 0.000040 0.795803 0.795803
94.100000 0.000073 0.795623 0.795623
94.200000 0.000107 0.795423 0.795423
94.300000 0.000142 0.795211 0.795211
94.400000 0.000180 0.794994 0.794994
94.500000 0.000221 0.794778 0.794778
94.600000 0.000266 0.794567 0.794567
94.700000 0.000313 0.794367 0.794367
94.800000 0.000363 0.794182 0.794182
94.900000 0.000414 0.794016 0.794016
95.000000 0.000463 0.793872 0.793872
95.100000 0.000509 0.793753 0.793753
95.200000 0.000550 0.793661 0.793661
95.300000 0.000583 0.793599 0.793599
95.400000 0.000607 0.793565 0.793565
95.500000 0.000623 0.793560 0.793561
95.600000 0.000631 0.793583 0.793583
95.700000 0.000633 0.793629 0.793630
95.800000 0.000631 0.793697 0.793697
95.900000 0.000629 0.793782 0.793782
96.000000 0.000629 0.793881 0.793881
96.100000 0.000634 0.793990 0.793990
96.200000 0.000649 0.794106 0.794107
96.300000 0.000674 0.794227 0.794227
96.400000 0.000712 0.794350 0.794350
96.500000 0.000762 0.794472 0.794472
96.600000 0.000826 0.794591 0.794591
96.700000 0.000901 0.794703 0.794703
96.800000 0.000985 0.794804 0.794805
96.900000 0.001075 0.794892 0.794892
97.000000 0.001167 0.794960 0.794961
97.100000 0.001259 0.795006 0.795007
97.200000 0.001347 0.795027 0.795028
97.300000 0.001426 0.795019 0.795020
97.400000 0.001496 0.794982 0.794983
97.500000 0.001552 0.794916 0.794917
97.600000 0.001595 0.794823 0.794824
97.700000 0.001622 0.794707 0.794708
97.800000 0.001633 0.794572 0.794574
97.900000 0.001628 0.794425 0.794427
98.000000 0.001607 0.794273 0.794274
98.100000 0.001571 0.794121 0.794123
98.200000 0.001523 0.793978 0.793980
98.300000 0.001462 0.793850 0.793851
98.400000 0.001392 0.793740 0.793741
98.500000 0.001314 0.793654 0.793655
98.600000 0.001230 0.793593 0.793594
98.700000 0.001143 0.793560 0.793560
98.800000 0.001054 0.793554 0.793554
98.900000 0.000965 0.793574 0.793575
99.000000 0.000879 0.793621 0.793621
99.100000 0.000796 0.793690 0.793691
99.200000 0.000718 0.793781 0.793781
99.300000 0.000647 0.793890 0.793890
99.400000 0.000585 0.794015 0.794015
99.500000 0.000531 0.794152 0.794152
99.600000 0.000487 0.794299 0.794299
99.700000 0.000453 0.794452 0.794452
99.800000 0.000430 0.794608 0.794608
99.900000 0.000417 0.794763 0.794763
100.000000 0.000413 0.794914 0.794914
100.100000 0.000419 0.795057 0.795057
